1921681175
1921681175
1921681175
1921681105
1921681139
1921681103
19216811
1921681103
1921681100
1921681105
1921681181
1921681105
1921681105
1921681100
1921681181
1921681103
1921681116
1921681181
1921681105
1921681197
19216811
1921681100
1921681105
1921681181
1921681100
1921681105
1921681181
1921681100
1921681105
1921681164
1921681105
1921681100
1921681100
1921681181
1921681144
1921681161
1921681181
1921681187
1921681100
1921681101
1921681181
1921681100
19216811
19216811
19216811
19216811
1921681181
1921681100
1921681181
1921681100
1921681165
1921681100
1921681180
1921681190
1921681190
1921681181
1921681100
1921681181
1921681116
1921681181
1921681143
19216811
1921681143
1921681100
1921681143
1921681181
1921681181
1921681103
1921681144
1921681103
1921681143
1921681181
1921681103
1921681143
1921681100
1921681180
1921681180
1921681103
1921681143
19216811
1921681100
1921681181
1921681181
1921681129
1921681181
1921681181
1921681129
1921681100
1921681117
1921681103
1921681181
1921681129
19216811
1921681180
1921681103
1921681143
1921681181
1921681100
1921681103
1921681143
1921681181
1921681100
1921681197
1921681100
1921681103
1921681181
1921681197
1921681103
1921681197
1921681120
1921681143
1921681100
1921681103
1921681181
1921681103
1921681100
1921681103
1921681103
1921681197
1921681100
1921681143
1921681181
1921681100
1921681143
1921681181
1921681181
19216811
1921681100
19216811
1921681103
1921681181
19216811
1921681100
1921681103
1921681143
1921681181
1921681103
1921681143
1921681181
1921681100
1921681197
1921681103
1921681100
1921681197
1921681161
19216811
1921681103
1921681100
1921681197
1921681116
1921681107
19216811
1921681103
1921681100
1921681116
19216811
1921681143
1921681107
1921681100
1921681105
19216811
19216811
1921681143
1921681100
1921681105
1921681143
19216811
1921681100
1921681100
1921681197
1921681107
19216811
1921681100
1921681197
1921681143
1921681197
169254146195
1921681143
19216811
1921681143
1921681116
1921681197
169254146195
169254146195
1921681105
19216811
1921681116
1921681197
19216811
1921681105
1921681116
1921681197
19216811
1921681105
1921681116
1921681143
1921681197
19216811
19216811
19216811
19216811
19216811
19216811
19216811
19216811
19216811
1921681105
1921681116
1921681143
1921681116
1921681197
1921681143
19216811
1921681112
1921681197
1921681143
1921681144
1921681180
1921681105
1921681162
1921681116
19216811
1921681143
1921681105
1921681197
1921681105
1921681190
19216811
1921681197
1921681116
1921681144
1921681197
19216811
1921681182
1921681105
1921681116
1921681143
1921681116
1921681143
1921681197
1921681105
1921681173
1921681143
1921681197
1921681125
1921681195
1921681197
1921681105
1921681197
1921681105
19216811
1921681197
1921681105
1921681143
1921681197
1921681116
19216811
1921681181
1921681197
19216811
1921681181
1921681183
1921681105
1921681143
1921681129
1921681193
1921681197
1921681105
19216811
1921681116
1921681181
1921681143
1921681129
1921681193
1921681197
1921681116
1921681193
1921681197
1921681116
1921681105
1921681181
1921681197
19216811
1921681105
1921681143
1921681197
1921681181
19216811
1921681105
19216811
1921681181
1921681197
19216811
1921681181
1921681197
1921681116
1921681105
1921681197
1921681116
1921681105
1921681112
1921681116
1921681112
1921681197
1921681105
19216811
19216811
1921681197
19216811
1921681197
1921681105
1921681197
1921681105
19216811
1921681197
1921681105
1921681116
19216811
1921681197
1921681116
1921681105
19216811
1921681116
1921681105
1921681166
1921681139
19216811
1921681128
1921681197
1921681105
1921681128
1921681116
1921681197
1921681166
19216811
1921681128
1921681116
1921681197
1921681105
19216811
1921681165
1921681116
1921681166
1921681197
1921681105
19216811
1921681165
1921681104
1921681128
1921681166
1921681105
1921681197
1921681144
19216811
1921681180
1921681128
1921681116
1921681166
1921681197
1921681165
1921681128
1921681116
1921681174
1921681197
19216811
1921681165
1921681162
1921681128
1921681149
19216811
1921681174
1921681197
1921681165
19216811
1921681128
1921681105
1921681174
1921681197
1921681117
1921681128
1921681116
1921681105
1921681197
1921681165
19216811
19216811
1921681128
1921681116
1921681105
1921681197
1921681165
1921681128
1921681116
19216811
1921681197
1921681165
1921681128
1921681174
1921681166
1921681116
1921681197
1921681165
19216811
1921681166
1921681116
1921681197
1921681165
1921681128
19216811
1921681166
1921681157
1921681105
1921681165
1921681128
1921681107
1921681197
1921681165
19216811
1921681128
1921681116
1921681165
1921681197
1921681107
1921681116
1921681197
1921681105
19216811
1921681128
1921681116
1921681123
1921681197
1921681105
1921681165
19216811
1921681116
1921681165
1921681197
1921681128
1921681116
1921681165
1921681197
1921681128
1921681183
1921681166
1921681116
1921681197
1921681166
1921681128
1921681116
1921681165
1921681197
19216811
1921681166
1921681128
1921681116
19216811
1921681197
1921681165
19216811
1921681197
1921681165
1921681128
1921681116
19216811
1921681165
19216811
19216811
1921681128
19216811
19216811
1921681165
1921681128
1921681116
1921681197
19216811
1921681165
19216811
19216811
1921681112
1921681116
1921681197
1921681105
1921681165
1921681164
1921681128
1921681116
1921681197
1921681105
1921681128
1921681166
1921681116
1921681197
1921681165
19216811
1921681128
1921681116
1921681197
1921681143
1921681165
1921681128
1921681116
1921681197
1921681165
1921681116
1921681128
1921681197
1921681139
1921681165
19216811
1921681116
1921681128
1921681197
1921681166
1921681165
1921681128
1921681116
1921681197
1921681165
1921681116
1921681197
1921681166
1921681173
1921681165
19216811
1921681105
1921681116
1921681128
1921681197
1921681165
1921681105
1921681128
1921681166
1921681116
1921681197
1921681165
1921681180
1921681166
1921681116
1921681128
1921681197
1921681165
1921681166
1921681116
1921681128
1921681197
19216811
1921681165
1921681128
1921681166
1921681116
1921681197
1921681166
1921681116
1921681128
1921681197
1921681166
1921681116
1921681128
1921681197
19216811
1921681165
1921681128
1921681166
1921681116
1921681197
1921681165
1921681166
1921681116
1921681128
1921681197
1921681165
1921681166
1921681116
1921681128
1921681197
1921681165
19216811
1921681128
1921681166
1921681197
1921681197
1921681165
1921681166
1921681116
1921681128
1921681197
1921681165
19216811
1921681144
1921681128
1921681116
1921681166
1921681197
1921681165
19216811
1921681116
1921681166
1921681128
1921681197
1921681162
1921681165
19216811
1921681116
1921681166
1921681128
1921681197
19216811
1921681165
1921681166
1921681116
1921681128
1921681165
1921681120
1921681166
1921681116
1921681128
19216811
1921681166
1921681116
1921681128
19216811
1921681120
1921681165
1921681166
1921681116
19216811
1921681165
16925432159
16925432159
1921681197
1921681166
1921681128
1921681116
1921681104
16925432159
16925432159
1921681197
1921681166
1921681128
1921681116
19216811
1921681165
1921681128
1921681123
1921681116
1921681166
19216811
1921681172
1921681165
1921681128
1921681116
19216811
1921681166
1921681165
1921681197
169254146195
1921681128
1921681116
1921681166
19216811
1921681165
1921681197
169254146195
169254146195
1921681128
1921681166
19216811
19216811
19216811
1921681197
1921681165
1921681166
19216811
1921681197
1921681197
1921681165
1921681166
19216811
1921681116
1921681197
1921681128
1921681103
19216811
1921681166
1921681116
1921681143
1921681128
1921681165
1921681103
19216811
19216811
19216811
1921681165
1921681120
19216811
1921681165
1921681120
19216811
1921681166
1921681116
1921681128
19216811
1921681120
1921681128
19216811
1921681139
1921681166
1921681116
1921681197
1921681180
1921681197
19216811
1921681165
1921681166
1921681116
19216811
1921681165
1921681166
1921681128
1921681116
19216811
1921681165
1921681166
1921681116
19216811
1921681165
1921681128
1921681166
1921681116
19216811
1921681165
1921681166
1921681116
19216811
1921681128
1921681165
19216811
1921681128
1921681165
1921681166
1921681116
19216811
1921681128
1921681190
1921681165
1921681166
1921681116
19216811
1921681165
1921681128
1921681166
1921681116
1921681165
1921681128
1921681166
1921681116
19216811
1921681165
19216811
1921681128
1921681166
1921681116
1921681165
1921681166
1921681116
1921681128
1921681165
19216811
1921681166
1921681116
1921681128
1921681165
19216811
1921681166
1921681116
1921681128
1921681165
1921681116
1921681165
1921681128
1921681166
1921681116
1921681174
1921681165
1921681116
1921681166
1921681116
1921681174
1921681129
1921681166
1921681116
19216811
1921681173
1921681165
1921681116
1921681166
19216811
1921681165
1921681157
1921681128
1921681120
1921681116
1921681166
19216811
1921681165
1921681128
1921681120
1921681116
1921681166
19216811
19216811
16925458251
1921681165
1921681128
1921681120
19216811
1921681116
1921681166
16925458251
16925458251
1921681165
1921681172
19216811
1921681116
1921681166
16925458251
16925458251
1921681195
1921681165
19216811
1921681116
1921681166
19216811
1921681128
1921681144
1921681128
1921681166
1921681128
1921681166
1921681166
1921681166
1921681128
1921681105
1921681166
1921681128
1921681105
1921681128
1921681105
1921681166
19216811
1921681197
1921681165
1921681166
1921681105
1921681165
1921681166
19216811
1921681128
1921681105
1921681166
1921681128
1921681105
1921681166
1921681128
1921681166
1921681166
1921681166
1921681166
1921681128
1921681128
1921681166
16925458251
1921681143
1921681128
1921681166
16925458251
1921681128
1921681166
169254121163
169254121163
169254121163
1921681165
16925458251
16925458251
169254121163
1921681128
1921681166
1921681116
1921681128
1921681166
1921681116
1921681166
1921681116
1921681166
1921681166
1921681174
1921681166
1921681174
1921681182
1921681128
1921681166
19216811
1921681128
1921681166
19216811
19216811
1921681128
1921681166
19216811
1921681166
19216811
1921681166
19216811
1921681166
19216811
1921681128
1921681102
1921681141
1921681128
1921681105
1921681141
1921681102
1921681128
1921681105
1921681141
1921681105
1921681144
1921681102
1921681105
1921681105
1921681105
1921681102
1921681105
1921681105
1921681102
1921681128
1921681105
1921681102
19216811
19216811
1921681128
1921681105
1921681128
1921681105
1921681102
19216811
1921681105
19216811
1921681174
1921681112
19216811
1921681174
19216811
1921681174
1921681105
1921681123
19216811
1921681105
1921681102
19216811
1921681105
1921681128
19216811
1921681128
1921681105
1921681128
1921681105
1921681102
1921681105
19216811
1921681105
1921681103
1921681139
1921681120
1921681135
19216811
1921681105
1921681105
1921681102
1921681120
19216811
1921681105
1921681102
1921681195
19216811
1921681120
1921681105
19216811
1921681120
1921681102
1921681105
1921681120
1921681102
19216811
1921681105
19216811
1921681120
1921681129
19216811
19216811
1921681105
1921681120
1921681164
1921681129
1921681105
19216811
1921681120
1921681105
19216811
19216811
1921681105
19216811
1921681105
1921681102
19216811
1921681105
1921681105
1921681120
1921681157
1921681105
1921681120
1921681129
1921681105
1921681120
1921681105
1921681105
1921681105
19216811
1921681105
19216811
1921681105
1921681105
19216811
1921681105
1921681105
1921681174
1921681105
1921681174
1921681105
1921681174
1921681105
1921681105
1921681105
1921681105
1921681120
1921681105
1921681120
1921681105
1921681120
1921681105
19216811
19216811
19216811
1921681112
19216811
19216811
1921681139
19216811
19216811
19216811
19216811
1921681156
1921681156
19216811
1921681174
1921681174
19216811
1921681174
1921681174
1921681164
19216811
1921681123
19216811
19216811
19216811
1921681150
19216811
1921681102
1921681150
19216811
1921681150
1921681150
19216811
1921681150
1921681112
19216811
1921681150
1921681173
1921681199
19216811
1921681143
19216811
1921681174
19216811
1921681180
1921681165
1921681163
1921681165
1921681163
1921681183
1921681165
1921681163
19216811
19216811
1921681165
1921681105
1921681165
1921681162
1921681105
1921681165
1921681163
1921681105
19216811
1921681156
1921681129
19216811
1921681156
1921681165
19216811
1921681163
1921681165
1921681163
1921681102
1921681165
1921681163
1921681165
1921681163
1921681165
1921681163
1921681163
1921681165
1921681115
1921681163
1921681105
1921681165
1921681115
1921681105
1921681165
1921681115
1921681163
1921681105
19216811
1921681163
1921681165
19216811
1921681163
1921681165
1921681112
19216811
1921681199
1921681165
1921681163
1921681163
1921681165
1921681105
19216811
1921681163
1921681165
19216811
1921681105
1921681165
1921681163
1921681105
1921681163
1921681165
19216811
1921681163
1921681165
19216811
1921681165
1921681163
1921681172
1921681162
19216811
1921681163
1921681165
19216811
1921681105
1921681163
1921681165
19216811
1921681105
1921681165
1921681163
1921681129
19216811
1921681105
1921681163
1921681180
1921681165
1921681143
1921681163
1921681165
1921681165
1921681163
1921681123
1921681102
1921681163
1921681165
1921681105
1921681165
1921681163
1921681105
1921681144
1921681163
1921681165
1921681165
1921681163
1921681139
19216811
1921681105
1921681163
1921681112
1921681165
1921681105
1921681163
1921681165
19216811
1921681105
1921681163
1921681165
1921681165
19216811
19216811
1921681163
1921681165
1921681105
1921681105
1921681163
1921681162
1921681165
1921681112
1921681112
1921681105
19216811
1921681163
1921681165
19216811
1921681163
1921681165
1921681104
19216811
1921681163
1921681163
1921681165
1921681175
1921681105
19216811
1921681163
1921681175
1692541441
1921681165
1921681105
1921681163
1921681175
1921681165
1921681102
1921681163
1921681165
1921681175
1921681180
19216811
1921681163
19216811
1921681182
1921681165
1921681163
1921681123
1921681165
1921681165
1921681112
1921681163
1921681165
19216811
1921681163
1921681165
1921681163
1921681165
1921681163
1921681165
1921681149
1921681163
1921681165
1921681149
1921681163
1921681165
19216811
1921681173
1921681139
1921681163
1921681165
19216811
1921681163
19216811
1921681165
1921681140
1921681162
1921681163
1921681165
1921681157
1921681175
1921681163
1921681165
1921681164
1921681175
19216811
1921681163
19216811
1921681125
1921681175
1921681163
1921681165
19216811
1921681163
1921681165
19216811
1921681163
1921681104
19216811
1921681165
1921681163
1921681165
1921681163
1921681165
1921681143
1921681163
19216811
1921681163
1921681129
1921681165
19216811
1921681163
1921681165
1921681129
1921681163
1921681112
19216811
1921681102
19216811
1921681163
1921681165
19216811
1921681190
1921681144
1921681163
1921681165
1921681172
1921681172
1921681163
19216811
1921681165
1921681118
19216811
1921681172
19216811
1921681165
1921681139
1921681118
1921681163
1921681172
1921681165
1921681118
1921681172
1921681163
19216811
1921681118
1921681172
1921681163
1921681165
19216811
1921681163
19216811
1921681172
1921681163
1921681165
19216811
1921681172
1921681163
1921681165
1921681163
1921681163
1921681165
19216811
1921681163
1921681165
19216811
1921681163
1921681116
1921681163
1921681165
19216811
1921681129
1921681129
1921681129
1921681172
1921681112
1921681180
1921681102
1921681163
1921681165
1921681157
1921681104
1921681163
1921681172
1921681165
1921681163
1921681172
19216811
1921681165
1921681163
1921681172
1921681165
19216811
1921681165
1921681139
1921681173
1921681173
1921681172
1921681172
1921681143
1921681172
1921681172
1921681162
1921681144
19216811
1921681144
1921681190
1921681172
19216811
19216811
19216811
19216811
19216811
1921681140
19216811
1921681172
19216811
1921681172
19216811
1921681172
1921681112
1921681172
1921681172
1921681172
1921681139
1921681123
1921681123
19216811
1921681125
1921681143
19216811
19216811
1921681156
19216811
19216811
1921681116
19216811
19216811
19216811
19216811
19216811
1921681175
19216811
19216811
19216811
1921681175
1921681112
1921681123
19216811
19216811
1921681180
19216811
1921681143
19216811
1921681175
1921681175
1921681175
19216811
19216811
1921681139
1921681112
1921681156
19216811
1921681162
19216811
1921681129
1921681129
1921681129
1921681129
1921681129
19216811
1921681129
19216811
1921681129
1921681129
1921681144
1921681144
1921681187
1921681129
1921681144
1921681187
1921681156
19216811
1921681129
1921681187
1921681156
1921681129
19216811
19216811
1921681123
19216811
1921681180
19216811
19216811
1921681116
1921681128
19216811
1921681129
19216811
1921681140
1921681129
19216811
1921681129
19216811
1921681179
19216811
1921681179
169254209143
1921681143
1921681179
1921681144
1921681144
1921681179
19216811
19216811
19216811
1921681182
19216811
1921681129
1921681116
1921681129
19216811
19216811
19216811
19216811
1921681104
1921681129
19216811
1921681128
1921681129
1921681125
1921681128
1921681128
19216811
19216811
19216811
1921681199
1921681179
1921681123
1921681179
1921681180
19216811
1921681183
1921681183
1921681183
19216811
19216811
1921681116
19216811
1921681129
1921681161
1921681161
19216811
1921681172
19216811
1921681117
1921681172
1921681172
19216811
19216811
1921681144
19216811
1921681172
19216811
1921681172
1921681194
1921681194
1921681194
19216811
1921681172
19216811
19216811
1921681172
19216811
19216811
1921681172
1921681172
19216811
1921681157
19216811
1921681164
1921681129
1921681172
1921681194
1921681172
19216811
1921681172
1921681129
1921681172
1921681187
1921681129
1921681172
1921681129
1921681129
1921681172
1921681129
1921681128
1921681129
1921681128
1921681172
1921681128
1921681172
1921681172
1921681172
1921681129
1921681105
19216811
1921681172
1921681128
1921681172
1921681128
1921681172
1921681172
19216811
1921681112
1921681139
1921681172
1921681172
1921681172
1921681128
1921681128
1921681128
1921681107
1921681101
1921681101
1921681128
1921681101
1921681128
1921681123
1921681179
1921681117
1921681144
1921681128
1921681128
19216811
19216811
1921681180
1921681128
1921681128
1921681128
19216811
1921681128
1921681128
1921681187
1921681101
1921681128
19216811
1921681128
1921681128
1921681156
1921681128
1921681128
1921681128
1921681128
1921681128
1921681128
1921681128
1921681143
1921681128
1921681143
1921681143
1921681128
1921681128
1921681128
1921681128
1921681143
1921681128
1921681153
1921681143
1921681153
1921681128
19216811
1921681143
1921681139
1921681179
1921681139
1921681143
1921681182
1921681113
1921681143
1921681113
1921681143
1921681113
1921681113
1921681113
1921681143
1921681182
1921681143
19216811
19216811
19216811
19216811
19216811
19216811
19216811
19216811
19216811
1921681103
1921681180
1921681143
1921681143
1921681101
19216811
1921681153
1921681143
19216811
19216811
19216811
19216811
19216811
1921681113
1921681143
19216811
19216811
1921681143
1921681123
19216811
19216811
19216811
1921681143
1921681195
1921681143
1921681115
19216811
1921681143
1921681125
1921681104
1921681143
1921681128
1921681143
1921681197
169254146195
1921681143
1921681156
16925467178
1921681156
1921681156
1921681156
19216811
1921681143
1921681143
1921681143
19216811
1921681112
19216811
1921681197
1921681143
1921681197
1921681143
1921681197
1921681143
1921681187
1921681103
19216811
19216811
1921681143
1921681143
1921681143
19216811
1921681101
1921681117
1921681179
1921681101
1921681190
1921681143
1921681129
1921681129
169254224229
1921681129
1921681195
19216811
1921681129
1921681129
1921681129
19216811
19216811
19216811
19216811
19216811
1921681153
19216811
19216811
1921681119
1921681153
1921681119
1921681119
1921681153
1921681119
1921681119
1921681116
1921681119
1921681129
1921681153
1921681129
1921681119
1921681153
1921681119
1921681153
1921681153
1921681119
1921681153
1921681153
1921681180
1921681180
1921681153
1921681119
1921681153
1921681119
1921681153
1921681153
1921681119
1921681129
1921681153
1921681129
1921681129
1921681119
1921681153
1921681104
1921681153
1921681119
19216811
1921681199
1921681113
1921681199
1921681113
1921681199
1921681153
1921681117
1921681119
1921681153
1921681139
1921681149
1921681157
1921681153
19216811
1921681139
1921681153
1921681113
1921681119
1921681153
1921681119
1921681139
1921681139
1921681173
1921681153
1921681139
1921681153
1921681140
1921681140
19216811
1921681153
1921681140
1921681153
1921681153
1921681103
1921681153
1921681139
1921681156
1921681120
1921681119
1921681153
1921681139
1921681153
1921681139
1921681120
1921681153
1921681139
1921681119
1921681153
1921681153
1921681119
1921681139
1921681153
1921681139
1921681153
19216811
1921681119
1921681139
1921681153
1921681127
1921681153
19216811
19216811
1921681139
1921681153
19216811
1921681153
19216811
19216811
1921681125
1921681153
19216811
1921681153
1921681139
16925457203
16925457203
1921681119
16925457203
16925457203
1921681153
1921681139
16925457203
1921681101
19216811
19216811
1921681139
17173254222
17173254223
1921681101
19216811
1921681139
17173254222
17173254223
19216811
19216811
19216811
169254255255
169254255255
1921681139
1921681129
19216811
19216811
169254255255
19216811
1921681101
169254255255
19216811
1921681139
17173254222
169254255255
1921681101
19216811
19216811
1921681129
1921681139
17173254222
17173254223
19216811
19216811
1921681139
1921681101
19216811
1921681119
1921681101
19216811
19216811
1921681190
1921681101
1921681119
19216811
1921681127
19216811
19216811
19216811
1921681101
1921681139
1921681101
1921681139
1921681101
1921681139
1921681101
1921681119
1921681199
19216811
19216811
1921681101
19216811
1921681101
1921681139
1921681101
1921681139
19216811
1921681101
1921681102
1921681139
1921681101
19216811
19216811
1921681102
1921681139
19216811
1921681101
1921681187
1921681139
1921681187
19216811
1921681139
19216811
19216811
19216811
1921681139
1921681103
1921681101
1921681103
1921681101
1921681167
1921681139
19216811
19216811
19216811
1921681101
1921681167
1921681112
1921681139
19216811
19216811
1921681101
19216811
19216811
1921681101
1921681153
1921681101
1921681153
1921681139
1921681101
1921681139
1921681189
1921681101
1921681179
1921681153
1921681189
1921681139
1921681113
1921681101
1921681153
1921681189
1921681139
1921681101
1921681153
1921681189
1921681139
1921681101
1921681153
1921681139
1921681101
1921681153
1921681101
1921681139
1921681101
1921681153
1921681139
1921681167
1921681101
1921681129
1921681129
1921681139
1921681167
1921681101
1921681153
1921681101
1921681153
1921681101
1921681153
1921681107
1921681139
1921681101
1921681153
1921681187
1921681114
1921681139
1921681107
1921681101
1921681187
1921681114
1921681153
1921681139
19216811
1921681114
1921681153
19216811
1921681139
1921681104
1921681101
1921681167
1921681153
1921681195
169254205239
1921681153
1921681139
1921681153
1921681128
1921681153
19216811
1921681139
1921681139
1921681153
1921681167
1921681153
1921681139
19216811
19216811
1921681153
1921681139
1921681101
1921681139
1921681101
1921681153
1921681139
1921681116
1921681191
1921681153
1921681139
19216811
19216811
1921681153
1921681101
1921681139
1921681176
1921681191
1921681101
1921681180
1921681153
1921681101
1921681153
1921681135
1921681139
1921681167
1921681153
1921681139
1921681153
1921681139
1921681184
1921681101
1921681153
1921681139
1921681184
1921681101
1921681167
1921681153
1921681139
1921681184
1921681101
1921681153
1921681139
1921681153
1921681139
1921681190
1921681167
1921681153
1921681139
1921681101
1921681113
1921681167
1921681155
1921681153
1921681139
1921681101
1921681139
1921681153
1921681153
1921681139
1921681179
1921681101
1921681153
1921681139
1921681167
1921681101
1921681139
1921681153
1921681101
19216811
1921681153
1921681116
1921681116
1921681139
1921681153
1921681139
1921681101
1921681153
1921681116
1921681116
1921681139
1921681101
1921681153
1921681191
1921681139
1921681153
1921681139
1921681103
1921681107
1921681153
1921681167
19216811
1921681153
1921681101
1921681153
1921681101
1921681104
1921681153
1921681149
1921681101
1921681153
1921681167
1921681127
19216811
19216811
1921681117
1921681153
19216811
1921681119
1921681101
19216811
169254255255
169254255255
1921681127
1921681167
1921681117
1921681153
169254255255
19216811
1921681101
169254255255
19216811
1921681129
169254255255
169254255255
19216811
19216811
1921681101
1921681153
1921681167
1921681153
1921681167
1921681127
1921681153
1921681127
1921681153
1921681127
1921681153
1921681125
1921681153
1921681129
1921681153
1921681167
1921681153
1921681140
169254116111
1921681138
1921681153
1921681140
169254116111
1921681167
1921681138
1921681140
1921681153
1921681138
1921681153
169254116111
1921681138
1921681153
1921681153
1921681190
1921681179
19216811
1921681179
19216811
19216811
19216811
1921681123
19216811
1921681153
19216811
19216811
1921681123
1921681153
1921681199
1921681123
1921681153
1921681191
1921681191
1921681191
1921681199
19216811
1921681123
1921681116
1921681199
1921681153
19216811
1921681116
19216811
1921681153
19216811
1921681123
1921681122
1921681116
1921681153
1921681123
1921681122
1921681123
1921681115
1921681153
1921681180
1921681122
1921681153
1921681167
1921681153
1921681157
1921681167
1921681153
1921681153
1921681176
1921681153
1921681167
1921681125
1921681176
1921681153
1921681156
1921681176
1921681153
1921681129
19216811
1921681156
19216811
1921681153
19216811
1921681167
19216811
1921681153
1921681153
1921681176
1921681114
1921681113
1921681153
1921681176
1921681153
1921681102
1921681153
1921681156
19216811
1921681153
19216811
19216811
1921681153
19216811
19216811
1921681169
1921681153
19216811
19216811
1921681169
1921681153
19216811
1921681169
1921681153
19216811
1921681169
1921681153
19216811
1921681127
1921681191
1921681153
19216811
1921681127
1921681167
1921681112
1921681153
19216811
19216811
1921681127
1921681182
19216811
19216811
1921681127
19216811
19216811
19216811
1921681127
1921681122
1921681135
19216811
19216811
1921681127
1921681176
19216811
1921681176
1921681127
19216811
1921681176
19216811
1921681127
19216811
1921681176
1921681167
1921681127
19216811
19216811
1921681161
1921681176
19216811
19216811
1921681157
1921681167
1921681127
19216811
19216811
1921681167
1921681127
19216811
19216811
19216811
1921681127
1921681195
19216811
19216811
1921681169
19216811
19216811
19216811
19216811
1921681127
19216811
19216811
1921681149
1921681103
19216811
19216811
1921681116
1921681114
1921681127
19216811
19216811
1921681127
19216811
1921681156
19216811
1921681173
19216811
1921681179
1921681127
1921681156
19216811
19216811
1921681173
1921681127
19216811
19216811
1921681173
1921681127
19216811
19216811
19216811
1921681173
1921681127
19216811
1921681125
1921681173
1921681127
19216811
1921681173
1921681189
1921681189
1921681173
1921681127
1921681189
1921681173
1921681127
1921681122
1921681122
1921681173
1921681127
1921681127
1921681173
1921681138
1921681127
1921681173
1921681173
1921681138
19216811
1921681173
1921681173
19216811
1921681127
19216811
19216811
1921681156
19216811
1921681157
19216811
1921681179
1921681138
1921681125
19216811
19216811
1921681145
1921681173
19216811
1921681187
1921681173
1921681127
19216811
1921681187
1921681191
1921681145
1921681173
19216811
1921681127
1921681187
1921681145
1921681145
1921681145
1921681138
19216811
1921681145
1921681127
1921681145
19216811
169254255255
169254255255
19216811
19216811
169254255255
19216811
169254255255
169254255255
169254255255
1921681182
1921681138
1921681187
1921681187
1921681187
1921681127
1921681145
1921681127
1921681127
1921681138
1921681138
1921681127
1921681138
1921681127
1921681180
1921681127
1921681119
1921681129
1921681149
19216811
1921681127
1921681125
1921681127
1921681127
1921681128
1921681127
1921681127
19216811
1921681127
19216811
1921681173
1921681173
1921681187
1921681155
1921681127
1921681187
1921681127
1921681138
1921681182
1921681145
1921681138
1921681189
1921681127
1921681117
1921681180
1921681127
1921681127
1921681190
19216811
19216811
19216811
1921681190
19216811
1921681129
1921681129
1921681129
1921681157
1921681189
1921681114
1921681125
1921681189
1921681127
1921681153
1921681167
1921681189
19216811
19216811
19216811
1921681176
19216811
1921681129
19216811
1921681176
19216811
1921681189
19216811
1921681176
1921681179
1921681128
19216811
1921681176
1921681199
1921681122
1921681182
19216811
1921681172
1921681182
1921681176
1921681199
1921681189
1921681122
19216811
1921681122
1921681123
19216811
19216811
19216811
19216811
1921681116
1921681122
19216811
1921681139
1921681115
1921681180
1921681115
1921681122
1921681139
1921681187
1921681187
1921681139
1921681189
1921681187
1921681187
1921681187
19216811
1921681187
1921681122
1921681122
1921681189
1921681122
1921681104
1921681157
1921681189
1921681139
1921681189
1921681122
1921681153
1921681139
169254160246
1921681189
1921681122
1921681125
1921681189
1921681103
1921681122
1921681122
1921681179
1921681122
19216811
1921681189
19216811
19216811
1921681139
1921681139
1921681172
1921681122
1921681139
19216811
1921681182
19216811
16925457203
1921681189
1921681116
19216811
16925457203
16925457203
1921681122
19216811
1921681199
1921681180
1921681164
19216811
17173254222
17173254223
17173254222
17173254223
1921681122
17173254222
17173254223
1921681122
17173254222
17173254223
1921681122
1921681129
1921681144
1921681129
1921681189
1921681187
1921681129
1921681128
1921681129
1921681159
1921681189
19216811
19216811
1921681122
1921681195
1921681129
1921681122
1921681195
1921681167
1921681112
1921681167
1921681198
1921681195
1921681139
1921681189
1921681139
1921681122
1921681122
1921681172
1921681189
1921681122
1921681182
1921681122
1921681189
1921681122
1921681167
1921681122
1921681189
1921681167
1921681167
1921681189
1921681122
1921681122
1921681127
1921681179
1921681122
1921681127
1921681189
1921681127
1921681189
16925421590
1921681122
16925421590
1921681189
19216811
19216811
1921681189
1921681122
1921681191
1921681122
1921681189
1921681128
1921681189
1921681187
1921681187
1921681122
1921681187
1921681122
19216811
19216811
1921681119
1921681153
1921681198
1921681122
1921681122
1921681122
1921681149
1921681108
1921681122
1921681195
1921681122
19216811
1921681190
1921681122
1921681122
1921681122
1921681122
1921681122
1921681189
1921681125
1921681122
1921681122
1921681114
1921681122
1921681114
1921681116
1921681122
1921681122
1921681122
1921681107
1921681197
1921681122
1921681199
169254146195
1921681159
1921681122
169254146195
1921681187
1921681127
1921681123
1921681153
1921681197
169254146195
169254146195
1921681122
1921681127
1921681153
1921681122
1921681127
1921681197
19216811
1921681122
1921681129
1921681197
1921681197
1921681191
1921681122
1921681128
1921681129
19216811
1921681197
1921681122
1921681182
1921681182
1921681164
1921681129
1921681167
1921681153
1921681122
19216811
1921681167
1921681129
1921681122
1921681167
1921681129
1921681114
1921681122
1921681129
1921681114
1921681122
1921681122
1921681167
1921681197
1921681197
1921681122
1921681122
1921681167
1921681122
1921681122
1921681180
1921681122
1921681167
19216811
1921681122
1921681125
1921681167
19216811
1921681122
1921681167
19216811
1921681122
1921681167
19216811
1921681122
19216811
1921681122
1921681167
1921681179
1921681122
1921681115
19216811
1921681179
1921681122
19216811
1921681122
19216811
1921681127
1921681198
19216811
1921681127
1921681198
1921681122
1921681167
1921681129
1921681198
1921681122
1921681167
1921681127
1921681129
1921681122
1921681167
1921681129
1921681122
1921681127
1921681122
1921681122
1921681167
1921681127
1921681135
1921681167
1921681127
1921681129
1921681153
1921681127
1921681164
1921681129
1921681122
1921681127
1921681167
1921681149
1921681122
1921681122
1921681199
1921681127
1921681127
1921681122
1921681198
1921681127
1921681122
1921681198
1921681127
1921681198
1921681127
1921681167
1921681125
1921681122
1921681167
1921681127
19216811
1921681180
1921681122
1921681167
1921681198
1921681127
1921681122
1921681198
1921681127
1921681116
1921681122
1921681198
1921681172
1921681127
1921681159
1921681122
1921681115
1921681122
1921681172
1921681127
1921681167
1921681122
1921681167
1921681144
1921681127
1921681122
1921681127
1921681167
1921681127
1921681190
1921681167
1921681127
1921681122
1921681167
1921681127
1921681187
1921681122
1921681127
1921681187
1921681172
1921681122
1921681127
1921681187
1921681172
1921681122
1921681127
1921681167
1921681172
1921681122
1921681167
1921681122
1921681127
1921681127
1921681119
1921681122
1921681167
1921681127
1921681122
1921681167
1921681127
1921681179
1921681122
1921681167
1921681179
1921681122
1921681179
1921681127
1921681122
1921681127
1921681179
1921681167
1921681122
1921681179
1921681167
1921681127
1921681180
1921681195
1921681122
1921681127
1921681179
19216811
1921681164
1921681122
1921681127
1921681122
1921681127
1921681119
169254146195
169254146195
1921681167
1921681119
1921681127
169254146195
1921681172
1921681144
1921681167
1921681125
1921681175
1921681179
1921681175
1921681127
1921681175
19216811
19216811
1921681197
1921681197
1921681127
1921681167
1921681175
1921681119
19216811
1921681127
1921681187
1921681167
1921681175
1921681197
1921681119
1921681127
1921681187
1921681167
19216811
1921681127
1921681127
1921681127
1921681119
1921681167
1921681119
1921681127
1921681167
1921681182
1921681182
19216811
1921681119
1921681127
1921681167
1921681112
1921681151
1921681127
1921681167
1921681151
1921681119
1921681127
1921681167
1921681151
1921681187
1921681127
1921681167
1921681119
19216811
1921681151
1921681187
1921681167
1921681187
1921681117
1921681127
1921681151
1921681119
1921681167
1921681103
1921681127
1921681167
1921681119
