10254541
10254541
1025454251
10254541
1025454248
10254541
102545494
10254541
10254541
102545495
10254541
10254541
10254541
10254541
10254541
1025454216
1025454216
1025454216
102545412
10254546
10254541
10254541
10254541
102545496
10254541
10254541
102545499
1025454101
1025454103
169254173193
10254541
169254173193
10254541
1025454103
1025454103
1025454103
1025454104
10254541
10254541
10254541
10254541
10254541
10254541
10254541
1025454105
1025454109
10254541
10254541
1025454251
1025454251
10254541
10254541
10254541
10254541
10254546
10254541
102545412
10254541
10254541
10254541
10254541
10254541
10254541
10254541
1025454216
10254541
1025454216
1025454216
10254541
10254541
10254541
10254541
10254541
10254541
10254541
1025454114
10254541
10254541
10254541
10254541
10254541
10254541
169254127128
169254127128
10254541
10254541
10254541
10254541
10254541
10254541
10254541
1025454115
1025454115
1025454115
169254255255
10254541
10254541
1025454118
1025454124
10254541
10254541
1025454127
10254541
10254541
10254541
10254541
10254541
10254541
10254541
10254541
10254541
102545412
10254546
10254541
10254541
10254541
10254541
10254541
10254541
10254541
10254541
10254541
10254541
10254541
1025454128
10254541
10254541
10254541
10254541
10254541
10254541
10254541
10254541
10254541
10254541
1025454248
10254541
10254541
1025454248
1025454248
10254541
10254541
1025454251
10254541
10254541
1025454216
10254541
1025454251
1025454216
1025454251
10254541
1025454216
10254541
10254541
10254541
10254541
10254541
10254541
10254541
10254541
10254541
10254541
10254541
10254541
10254541
10254541
10254541
10254541
10254541
10254541
10254541
10254541
10254541
1025454137
10254541
10254541
10254541
10254541
10254541
10254541
10254541
10254541
10254541
10254541
1025454251
1025454251
1025454251
10254541
10254541
10254546
102545412
10254541
10254541
102545412
10254541
1025454216
1025454216
1025454216
10254541
1025454138
10254541
1025454139
10254541
1025454140
10254541
1025454120
1025454142
10254541
10254543
10254544
10254545
10254546
10254547
10254548
10254549
102545410
102545411
102545412
102545413
102545414
102545415
102545416
102545417
102545418
102545419
102545420
102545421
102545422
102545423
102545424
102545425
102545426
102545427
102545428
102545429
102545430
10254540
102545431
102545432
102545433
102545434
102545435
102545436
102545437
102545438
102545439
102545440
102545441
102545442
102545443
102545444
102545445
102545446
102545447
102545448
102545449
102545450
102545451
102545452
102545453
102545454
102545455
102545456
102545457
102545458
102545459
102545460
102545461
102545463
102545464
102545465
102545466
102545467
102545468
102545469
102545470
102545471
102545472
102545473
102545474
102545475
102545476
102545477
102545478
102545479
102545480
102545481
102545482
102545483
102545484
10254543
102545485
10254544
10254545
102545486
102545487
10254547
102545488
10254548
102545489
10254549
102545490
102545410
102545411
102545491
102545492
102545413
102545493
102545414
102545494
102545415
102545416
102545495
102545496
102545417
102545418
102545497
102545419
102545498
102545420
102545499
102545421
1025454100
102545422
1025454101
102545423
1025454102
102545424
1025454103
102545425
102545426
1025454104
102545427
1025454105
1025454106
1025454107
102545428
1025454108
1025454109
102545429
102545430
1025454110
102545469
102545431
1025454111
102545432
1025454112
102545433
1025454113
102545434
102545435
1025454114
102545436
1025454115
1025454116
102545437
1025454117
102545438
1025454118
102545439
1025454119
102545440
102545441
1025454120
102545442
1025454121
1025454122
102545443
1025454123
102545444
1025454124
102545445
102545446
1025454126
102545447
1025454127
102545448
102545449
102545450
102545451
102545452
102545453
102545454
102545455
1025454128
102545456
102545457
1025454129
102545458
1025454130
1025454131
102545459
1025454132
102545460
1025454133
102545461
1025454134
1025454226
1025454135
102545463
1025454136
102545464
1025454137
1025454138
102545465
1025454139
1025454140
1025454141
102545466
1025454142
102545467
1025454143
102545468
1025454144
1025454145
102545470
1025454146
102545471
1025454147
1025454148
102545472
1025454149
102545473
1025454150
102545474
102545475
1025454151
102545476
1025454152
102545477
1025454153
102545478
1025454155
102545479
1025454156
102545480
1025454157
1025454158
102545481
1025454159
1025454160
102545482
1025454161
102545483
1025454162
1025454226
102545484
102545492
1025454171
102545413
102545493
1025454172
102545414
102545494
1025454173
102545415
1025454174
102545416
102545495
1025454175
102545496
1025454176
102545417
1025454177
102545418
102545497
1025454178
102545419
102545498
1025454179
102545420
102545499
102545421
1025454100
1025454181
102545422
1025454101
1025454182
102545423
1025454102
102545424
1025454183
102545425
1025454184
102545426
1025454104
1025454185
102545427
1025454105
1025454186
1025454106
1025454187
1025454107
1025454188
102545428
1025454108
1025454189
1025454109
1025454190
102545429
102545430
1025454191
102545431
1025454111
102545432
1025454112
1025454192
102545433
1025454113
1025454193
102545434
1025454194
102545435
1025454114
1025454195
102545436
1025454115
1025454196
1025454116
1025454197
102545437
1025454117
102545438
1025454118
1025454199
102545439
1025454119
1025454200
102545440
1025454201
102545441
1025454120
102545442
1025454121
1025454202
1025454122
1025454203
102545443
1025454123
1025454204
102545444
1025454124
1025454205
1025454206
102545446
1025454125
1025454207
102545447
1025454127
1025454208
102545448
1025454209
102545449
1025454210
102545450
1025454211
102545451
1025454212
102545452
1025454213
1025454214
102545453
1025454215
102545454
1025454216
102545455
1025454128
1025454217
102545456
1025454218
102545457
1025454129
1025454219
102545458
1025454130
1025454220
1025454226
1025454131
1025454221
102545459
1025454132
1025454222
102545460
1025454133
102545461
1025454134
1025454223
102545462
1025454135
1025454224
1025454225
102545463
1025454136
102545464
1025454137
1025454227
1025454138
1025454228
102545465
1025454139
1025454140
1025454229
1025454141
1025454230
102545466
1025454142
1025454231
102545467
1025454143
1025454232
102545468
1025454144
1025454233
1025454145
102545470
1025454146
1025454234
102545471
1025454147
1025454235
1025454148
1025454236
102545472
1025454149
1025454237
102545473
1025454150
1025454238
102545474
1025454239
102545475
1025454151
1025454240
102545476
1025454152
1025454241
102545477
1025454153
1025454242
102545478
1025454154
1025454155
1025454243
102545479
1025454156
1025454244
102545480
1025454157
1025454245
1025454158
1025454246
102545481
1025454159
1025454160
102545482
1025454161
102545483
1025454162
102545484
1025454163
102545485
1025454164
102545486
1025454165
102545487
1025454166
102545488
1025454167
102545489
1025454168
102545490
1025454169
102545491
102545492
1025454171
102545493
1025454172
102545494
1025454173
1025454174
102545495
1025454175
102545496
1025454176
1025454177
102545497
1025454178
102545498
1025454179
102545499
1025454180
1025454100
1025454181
1025454101
1025454182
1025454102
1025454184
1025454185
1025454105
1025454186
1025454106
1025454187
1025454107
1025454188
1025454108
1025454189
1025454109
1025454190
1025454191
1025454111
1025454112
1025454192
1025454113
1025454193
1025454194
1025454115
1025454196
1025454116
1025454197
1025454117
1025454198
1025454118
1025454199
1025454119
1025454200
1025454201
1025454120
1025454121
1025454202
1025454122
1025454203
1025454123
1025454204
1025454124
1025454205
1025454206
1025454125
1025454207
1025454127
1025454208
1025454209
1025454210
1025454211
1025454212
1025454213
1025454214
1025454215
1025454128
1025454217
1025454218
1025454129
1025454219
1025454130
1025454220
1025454131
1025454221
1025454132
1025454222
1025454133
1025454134
1025454223
1025454135
1025454224
1025454225
1025454136
1025454137
1025454227
1025454138
1025454228
1025454139
1025454140
1025454229
1025454141
1025454230
1025454142
1025454231
1025454143
1025454232
1025454144
1025454233
1025454145
1025454146
1025454234
1025454147
1025454235
1025454148
1025454236
1025454149
1025454237
1025454150
1025454238
1025454239
1025454151
1025454240
1025454152
1025454241
1025454153
1025454242
1025454154
1025454155
1025454243
1025454156
1025454244
1025454157
1025454245
1025454158
1025454246
1025454159
1025454160
1025454161
1025454162
1025454163
1025454164
1025454165
1025454167
1025454168
1025454169
1025454171
1025454172
1025454173
1025454174
1025454175
1025454176
1025454177
1025454178
1025454179
1025454180
1025454181
1025454182
1025454184
1025454185
1025454186
1025454187
1025454188
1025454189
1025454190
1025454191
1025454192
1025454193
1025454194
1025454196
1025454197
1025454198
1025454199
1025454200
1025454201
1025454202
1025454203
1025454204
1025454205
1025454247
1025454206
1025454248
1025454207
1025454249
1025454250
1025454208
1025454209
1025454251
1025454210
1025454252
1025454211
1025454253
1025454212
1025454254
1025454213
1025454214
1025454215
1025454217
1025454218
1025454219
1025454220
1025454221
1025454222
1025454223
1025454224
1025454225
1025454227
1025454228
1025454229
1025454230
1025454231
1025454232
1025454233
1025454226
1025454234
1025454235
1025454236
10254543
1025454237
10254544
1025454238
10254545
1025454239
1025454240
10254547
1025454241
10254548
1025454242
10254549
102545410
1025454243
102545411
1025454244
1025454245
102545413
1025454246
102545414
102545415
102545416
102545417
102545418
102545419
102545420
102545421
102545422
102545423
102545424
102545425
102545426
102545427
102545428
102545429
102545430
102545431
102545432
102545433
102545434
102545435
102545436
102545437
102545438
102545439
102545440
102545441
102545442
102545443
102545444
102545445
102545447
102545448
102545449
102545450
102545451
102545452
102545453
102545454
102545455
102545456
102545457
102545458
102545459
102545460
102545461
102545462
102545463
1025454247
102545464
1025454249
102545465
1025454250
102545466
102545467
102545468
1025454252
1025454253
102545470
1025454254
102545471
102545472
102545473
102545474
102545475
102545476
102545477
102545478
102545479
102545480
102545481
102545482
102545483
102545485
102545486
102545487
102545488
102545489
102545490
102545491
102545492
102545493
102545494
102545495
10254543
102545496
10254544
102545497
10254545
102545498
102545499
10254547
1025454100
10254548
1025454101
10254549
1025454102
102545410
102545411
1025454104
102545413
1025454105
102545414
1025454106
102545415
1025454107
102545416
1025454108
102545417
1025454109
102545418
1025454226
102545419
1025454111
102545420
1025454112
102545421
1025454113
102545422
102545423
1025454115
102545424
1025454116
102545425
1025454117
102545426
1025454118
102545427
102545428
1025454119
1025454120
102545429
1025454121
102545430
1025454122
102545431
1025454123
102545432
1025454124
102545433
1025454125
102545434
102545435
1025454127
102545436
102545437
102545438
102545439
102545440
102545441
102545442
102545443
1025454128
102545444
102545445
1025454130
102545446
1025454131
102545447
1025454132
102545448
1025454133
102545449
1025454134
102545450
1025454135
102545451
1025454136
102545452
1025454137
102545453
1025454138
102545454
1025454139
1025454140
102545455
1025454141
102545456
1025454142
102545457
1025454143
102545458
1025454144
102545459
1025454145
102545460
1025454146
102545461
1025454147
102545462
102545463
1025454148
1025454247
1025454149
1025454248
102545464
1025454150
1025454249
102545465
1025454151
1025454250
102545466
1025454152
102545467
1025454153
102545468
1025454154
1025454252
1025454155
1025454253
102545470
1025454156
1025454254
102545471
1025454157
1025454158
102545472
1025454159
102545473
1025454160
102545474
1025454161
102545475
1025454162
102545476
1025454163
102545477
1025454164
102545478
1025454165
102545479
1025454166
102545480
1025454167
102545481
1025454168
1025454169
102545482
102545483
1025454171
102545484
102545485
1025454172
102545486
1025454173
102545487
1025454174
1025454175
102545488
1025454176
102545489
1025454177
102545490
1025454178
102545491
1025454179
102545492
1025454180
102545493
102545494
1025454181
102545495
1025454182
10254543
102545496
10254544
102545497
1025454184
10254545
102545498
1025454185
102545499
1025454186
10254547
1025454100
1025454187
10254548
1025454101
10254549
1025454102
1025454189
102545410
1025454190
102545411
1025454191
1025454104
1025454192
102545413
1025454105
1025454193
102545414
1025454106
1025454194
102545415
1025454107
102545416
1025454108
1025454196
102545417
1025454109
1025454197
102545418
1025454198
102545419
1025454111
1025454226
1025454199
102545420
1025454112
1025454200
102545421
1025454113
1025454201
102545422
1025454202
102545423
1025454115
1025454203
102545424
1025454116
1025454204
102545425
1025454117
1025454205
102545426
1025454118
1025454206
102545427
1025454207
102545428
1025454119
1025454208
1025454120
102545429
1025454121
1025454209
102545430
1025454210
102545431
1025454123
1025454211
102545432
1025454124
1025454212
102545433
1025454125
1025454213
102545434
1025454214
102545435
1025454127
1025454215
102545436
102545437
1025454217
102545438
1025454218
102545439
1025454219
102545440
1025454220
102545441
1025454221
102545442
1025454222
102545443
1025454128
1025454223
102545444
1025454224
102545445
1025454129
1025454225
1025454130
102545446
1025454131
1025454227
102545447
1025454132
102545448
1025454133
1025454228
102545449
1025454134
1025454229
102545450
1025454135
102545451
1025454136
1025454231
102545452
1025454137
1025454232
102545453
1025454138
1025454233
102545454
1025454139
1025454234
1025454140
1025454235
102545455
1025454141
1025454236
102545456
1025454142
1025454237
102545457
1025454143
1025454238
102545458
1025454144
1025454239
102545459
1025454145
1025454240
102545460
1025454146
102545461
1025454147
102545462
102545463
1025454148
1025454149
102545464
1025454150
102545465
1025454151
102545466
1025454152
102545467
1025454153
102545468
1025454154
1025454155
102545470
102545471
1025454157
1025454158
102545472
1025454159
102545473
1025454160
102545474
1025454161
102545475
1025454162
102545476
1025454163
102545477
1025454164
102545478
1025454165
102545479
1025454166
102545480
1025454167
102545481
1025454168
1025454169
102545482
102545483
1025454171
102545484
102545485
1025454172
102545486
1025454173
102545487
1025454174
1025454175
102545488
1025454176
102545489
1025454177
102545490
1025454178
102545491
1025454179
102545492
1025454180
102545493
102545494
1025454181
102545495
1025454182
102545496
102545497
1025454184
102545498
1025454185
102545499
1025454186
1025454100
1025454187
1025454101
1025454188
1025454102
1025454189
1025454190
1025454191
1025454104
1025454192
1025454105
1025454193
1025454106
1025454194
1025454107
1025454108
1025454196
1025454197
1025454198
1025454111
1025454199
1025454112
1025454200
1025454113
1025454201
1025454202
1025454115
1025454203
1025454116
1025454204
1025454117
1025454205
1025454118
1025454206
1025454207
1025454226
1025454119
1025454208
1025454120
1025454121
1025454209
1025454122
1025454210
1025454123
1025454211
1025454124
1025454212
1025454125
1025454213
1025454214
1025454127
1025454217
1025454218
1025454219
1025454220
1025454221
1025454222
1025454128
1025454223
1025454224
1025454129
1025454225
1025454130
1025454131
1025454227
1025454132
1025454133
1025454228
1025454134
1025454229
1025454135
1025454230
1025454136
1025454231
1025454137
1025454232
1025454138
1025454233
1025454139
1025454234
1025454140
1025454141
1025454236
1025454142
1025454237
1025454143
1025454238
1025454144
1025454239
1025454145
1025454240
1025454146
1025454147
1025454148
1025454149
1025454150
1025454151
1025454152
1025454153
1025454154
1025454155
1025454156
1025454157
1025454158
1025454159
1025454160
1025454162
1025454163
1025454164
1025454165
1025454166
1025454167
1025454168
1025454169
1025454171
1025454172
1025454173
1025454174
1025454175
1025454176
1025454177
1025454178
1025454179
1025454180
1025454181
1025454182
1025454185
1025454186
1025454187
1025454188
1025454189
1025454190
1025454191
1025454192
1025454193
1025454194
1025454196
1025454197
1025454198
1025454199
1025454200
1025454202
1025454203
1025454204
1025454205
1025454206
1025454241
1025454207
1025454242
1025454208
1025454243
1025454244
1025454209
1025454245
1025454210
1025454246
1025454211
1025454247
1025454212
1025454248
1025454213
1025454214
1025454249
1025454215
1025454250
1025454217
1025454252
1025454218
1025454253
1025454219
1025454254
1025454220
1025454221
1025454222
1025454223
1025454224
1025454225
1025454227
1025454228
1025454229
1025454230
1025454231
1025454232
1025454233
1025454234
1025454235
1025454236
1025454237
1025454238
1025454239
1025454240
1025454226
1025454241
1025454242
1025454243
1025454244
1025454245
1025454247
1025454248
1025454249
1025454250
1025454252
1025454253
1025454254
1025454241
1025454242
1025454243
1025454244
1025454245
1025454247
1025454248
1025454249
1025454250
1025454252
1025454253
1025454254
1025454248
10254541
1025454248
10254541
1025454248
10254541
10254541
10254541
10254541
10254541
10254541
1025454251
10254540
10254541
10254541
10254541
10254541
10254541
10254541
10254541
10254541
10254541
10254541
10254541
10254541
1025454110
10254541
1025454110
10254541
1025454110
10254541
10254541
1025454144
10254541
10254541
10254541
10254541
102545412
10254546
10254541
10254541
10254541
10254541
1025454110
10254541
1025454110
10254541
10254541
10254541
10254541
10254541
1025454216
1025454216
1025454216
10254541
10254541
10254541
10254541
10254541
10254541
1025454149
10254541
10254541
1025454251
1025454251
1025454251
10254541
10254541
1025454216
10254541
10254541
1025454216
1025454216
10254541
10254541
10254541
10254541
10254541
1025454152
10254541
10254541
10254541
1025454251
1025454251
1025454251
10254541
10254541
1025454248
10254541
10254541
1025454248
10254541
1025454248
10254541
10254541
10254541
10254541
10254541
10254541
10254541
10254541
10254541
10254541
10254541
10254541
10254541
10254541
10254541
10254541
1025454216
10254541
1025454216
10254541
10254541
10254541
10254541
10254541
10254541
1025454251
1025454251
1025454251
10254541
10254541
10254541
10254541
10254541
10254541
10254541
10254541
10254541
102545469
102545469
10254546
10254546
1025454248
10254541
10254541
10254546
10254541
10254541
1025454248
10254541
10254541
10254541
10254541
1025454248
10254541
10254546
10254546
10254546
10254541
10254541
10254546
10254546
10254546
10254546
10254541
10254541
10254541
10254541
10254541
10254541
10254541
10254541
10254541
10254541
10254541
10254541
10254541
10254541
10254541
10254541
10254541
10254541
10254541
10254541
10254541
102545412
10254546
10254541
10254541
10254541
10254541
10254541
1025454137
1025454205
1025454243
1025454237
1025454189
1025454216
1025454240
1025454191
1025454142
1025454239
1025454176
1025454171
1025454141
1025454120
1025454132
1025454134
1025454136
1025454101
102545486
102545471
102545454
1025454156
1025454168
1025454116
1025454118
102545435
1025454154
1025454103
1025454242
1025454222
102545452
102545418
1025454210
1025454188
1025454190
102545420
1025454204
102545498
1025454124
102545488
102545430
102545484
1025454122
102545422
10254549
1025454161
1025454217
1025454199
1025454135
102545481
102545468
1025454112
1025454108
102545441
1025454225
1025454197
1025454238
1025454254
1025454193
1025454169
1025454231
1025454201
1025454185
1025454179
1025454223
1025454186
1025454148
1025454113
1025454250
1025454229
1025454167
1025454153
1025454115
102545499
102545497
102545485
1025454125
1025454253
1025454127
102545465
102545457
1025454230
1025454165
102545483
102545450
102545449
1025454233
1025454235
1025454146
1025454178
1025454162
1025454117
1025454195
102545459
102545443
102545495
102545448
1025454128
102545433
1025454152
102545421
102545417
1025454214
1025454173
1025454143
1025454202
1025454130
102545487
1025454119
1025454151
102545473
1025454182
1025454192
1025454177
1025454207
1025454212
102545489
1025454241
1025454181
1025454183
1025454145
1025454121
102545491
102545472
102545444
1025454226
1025454234
102545476
102545446
1025454194
1025454196
102545437
1025454227
1025454114
102545477
1025454157
1025454139
1025454246
1025454248
1025454206
1025454155
102545493
102545479
102545439
1025454159
102545480
102545490
102545492
102545425
1025454209
1025454249
1025454220
1025454218
1025454211
1025454170
1025454172
1025454105
1025454149
1025454129
1025454131
102545453
1025454213
1025454160
1025454109
1025454107
1025454244
1025454175
1025454255
1025454215
1025454163
102545455
102545427
102545419
1025454174
102545451
1025454180
1025454144
102545426
102545482
102545428
102545460
1025454164
102545411
10254545
102545413
1025454245
1025454224
1025454123
102545462
1025454232
1025454200
1025454100
102545478
102545464
102545466
102545429
1025454221
1025454247
1025454133
1025454111
1025454140
102545467
102545461
1025454203
1025454102
102545456
102545458
102545445
102545434
102545436
102545431
1025454219
1025454251
1025454110
102545475
102545447
1025454252
1025454228
1025454158
1025454126
102545496
102545463
1025454147
1025454150
102545474
1025454184
1025454236
1025454104
1025454106
102545432
102545412
102545414
102545416
102545442
10254543
1025454138
10254544
10254546
10254548
1025454208
102545470
102545424
102545410
10254541
10254541
10254541
10254541
10254541
10254541
10254541
10254541
10254541
1025454229
1025454243
1025454179
1025454153
1025454115
1025454172
102545490
102545477
1025454231
1025454191
1025454116
1025454101
102545496
1025454248
1025454134
102545493
102545458
1025454110
102545449
102545497
1025454241
1025454221
1025454214
1025454199
1025454181
1025454177
1025454201
1025454166
1025454145
1025454225
1025454193
1025454169
1025454217
1025454245
1025454208
1025454202
1025454216
1025454185
1025454143
1025454133
1025454121
1025454215
1025454111
1025454100
1025454132
1025454206
1025454112
102545439
1025454198
102545425
102545473
1025454173
1025454130
102545487
102545437
1025454187
1025454235
1025454211
1025454223
1025454196
1025454156
1025454125
102545494
102545463
102545475
1025454155
1025454158
102545478
102545461
1025454253
1025454239
1025454205
1025454238
1025454197
1025454190
1025454154
1025454148
1025454170
1025454127
1025454151
1025454120
1025454109
1025454157
1025454175
1025454250
1025454103
102545499
102545485
1025454220
1025454147
1025454189
102545495
1025454194
1025454123
1025454164
102545464
1025454152
1025454176
102545420
1025454210
102545417
1025454161
1025454249
1025454209
1025454129
1025454137
1025454186
1025454149
1025454237
102545481
1025454174
1025454182
102545465
102545441
1025454233
1025454117
1025454141
102545459
1025454192
102545433
1025454113
102545457
1025454195
1025454131
1025454138
1025454105
102545498
102545466
1025454240
102545421
102545413
10254549
1025454167
1025454255
1025454219
1025454165
102545489
1025454213
1025454107
102545484
102545483
1025454150
102545445
102545442
102545456
102545423
102545412
1025454246
1025454204
1025454146
102545474
102545450
102545436
102545454
1025454162
102545430
102545444
1025454222
1025454224
10254547
1025454163
1025454188
1025454136
102545491
1025454247
1025454124
102545482
1025454106
1025454102
102545455
102545446
102545431
1025454254
1025454242
1025454178
1025454144
1025454139
1025454119
102545479
102545470
1025454118
102545488
1025454244
102545467
102545460
1025454212
102545447
1025454159
102545480
102545471
1025454234
102545440
1025454128
102545434
1025454184
1025454230
102545462
1025454180
102545428
102545419
1025454227
1025454114
102545443
102545422
1025454236
1025454142
1025454160
102545448
102545416
1025454200
102545411
102545410
102545452
1025454226
102545476
102545418
10254545
1025454183
1025454203
102545492
102545453
102545429
102545427
1025454251
1025454207
1025454171
1025454126
1025454228
1025454104
102545486
102545451
102545435
1025454168
1025454135
102545468
1025454218
102545415
102545414
1025454108
1025454252
1025454122
10254548
102545424
10254544
10254543
102545426
102545472
102545438
10254546
1025454140
102545432
10254541
1025454213
1025454173
1025454107
1025454218
1025454156
102545487
102545454
102545445
102545444
1025454219
1025454183
1025454155
1025454150
1025454144
1025454110
1025454105
102545492
102545489
102545478
1025454207
1025454104
1025454212
1025454246
1025454225
102545457
1025454114
1025454215
1025454159
1025454158
102545466
1025454255
1025454128
102545453
102545423
102545412
1025454186
1025454149
102545475
102545441
102545438
102545421
10254545
102545414
102545463
1025454252
102545432
1025454174
10254544
1025454220
1025454147
1025454240
102545474
102545449
1025454112
102545425
102545428
102545417
102545413
10254549
10254547
1025454108
102545446
1025454115
102545458
102545416
1025454253
1025454239
1025454205
1025454197
1025454154
1025454243
1025454148
1025454209
1025454198
1025454210
1025454185
1025454157
1025454127
1025454120
1025454140
1025454103
102545499
102545485
102545464
102545452
1025454241
1025454244
1025454217
1025454193
1025454238
1025454181
1025454161
1025454145
1025454136
1025454189
1025454179
1025454142
1025454211
1025454178
1025454195
1025454121
1025454232
1025454247
1025454109
1025454164
1025454233
1025454124
1025454132
1025454221
1025454177
102545497
1025454226
1025454194
1025454126
1025454167
102545491
102545481
102545498
102545473
102545465
1025454134
102545461
102545455
1025454184
102545462
102545450
102545443
1025454250
1025454130
102545484
1025454153
1025454242
1025454137
102545437
1025454106
1025454175
1025454160
1025454229
1025454223
1025454172
1025454216
1025454214
1025454201
1025454163
102545435
102545480
102545429
102545422
1025454166
1025454151
1025454192
1025454111
102545476
1025454249
1025454187
1025454196
1025454125
102545494
102545467
102545486
102545456
102545493
102545451
102545468
1025454165
102545483
102545434
102545431
102545440
102545426
102545419
102545488
1025454199
1025454133
1025454100
1025454169
1025454113
102545430
1025454143
102545472
1025454176
1025454141
1025454101
102545418
102545427
1025454206
102545496
102545442
1025454236
1025454168
1025454234
102545495
102545448
1025454117
102545459
102545410
1025454139
102545470
1025454235
1025454203
1025454118
1025454202
1025454135
1025454224
1025454222
1025454251
1025454204
1025454170
1025454230
1025454227
1025454102
1025454231
1025454116
1025454245
1025454129
102545482
1025454237
102545460
1025454182
102545436
1025454138
1025454228
1025454180
1025454171
102545477
102545433
1025454254
1025454188
1025454122
1025454248
1025454191
1025454131
10254546
1025454251
1025454248
10254546
10254546
1025454170
10254546
1025454170
1025454251
10254546
10254541
10254541
10254541
10254541
10254541
10254541
169254105160
169254105160
169254105160
1025454165
1025454165
17173254222
17173254223
1025454165
17173254222
17173254223
169254255255
10254541
10254541
1025454216
1025454216
10254541
10254541
1025454167
10254541
10254541
10254541
10254541
10254541
10254541
10254541
10254541
10254541
10254541
10254541
10254541
10254541
10254541
10254541
10254541
10254541
10254541
1025454216
1025454216
10254541
1025454216
10254541
1025454251
10254541
10254541
1025454251
1025454251
10254541
10254541
10254541
10254541
10254541
10254541
10254541
10254541
10254541
10254541
10254541
10254541
10254541
10254541
10254541
10254541
10254541
10254541
10254541
10254541
10254541
10254541
10254541
10254541
1025454216
1025454251
10254541
10254541
1025454216
1025454251
10254541
1025454216
1025454251
10254541
10254541
10254541
10254541
10254541
10254541
10254541
10254541
10254541
10254541
10254541
10254541
10254541
10254541
10254541
10254541
10254541
10254541
10254541
10254541
10254541
10254541
10254541
10254541
10254541
10254541
10254541
10254541
10254541
10254541
10254541
10254541
10254541
10254541
1025454248
10254541
1025454248
10254541
10254541
10254541
10254541
10254541
10254541
10254541
10254541
10254541
1025454251
10254541
10254541
10254541
10254541
10254541
10254541
10254541
10254541
10254541
10254541
10254541
10254541
10254541
10254541
10254541
10254541
10254541
10254541
10254541
10254541
10254541
10254541
10254541
10254541
1025454190
1025454190
1025454190
10254541
169254255255
10254541
10254541
1025454251
10254541
10254541
10254541
10254541
10254541
10254541
10254541
10254541
10254541
10254541
10254541
10254541
10254541
10254541
10254541
10254541
10254541
10254541
10254541
10254541
10254541
10254541
10254541
10254541
10254541
10254541
10254541
10254541
10254541
10254541
10254541
10254541
10254541
10254541
10254541
1025454216
1025454216
1025454216
10254541
10254541
10254541
10254541
10254541
10254541
10254541
1025454190
1025454190
1025454190
10254541
169254255255
10254541
1025454190
10254541
10254541
10254541
10254541
10254541
10254541
10254541
10254541
10254541
10254541
1025454248
1025454251
10254541
10254541
10254541
10254541
10254541
10254541
169254127128
10254541
10254541
10254541
10254541
10254541
10254541
10254541
10254541
10254541
10254541
192168077
192168077
192168077
192168077
192168077
19216801
169254255255
19216801
169254255255
169254255255
169254255255
19216801
169254255255
192168077
192168077
1921680116
169254255255
169254255255
169254255255
169254255255
19216801
169254255255
19216801
19216801
1921680116
169254255255
19216801
169254255255
169254255255
169254255255
19216801
19216801
19216801
1921680241
1921680241
1921680241
192168079
19216801
19216801
192168054
19216808
19216801
192168081
192168081
19216801
1921680247
192168082
192168083
192168083
19216801
192168083
192168085
19216801
19216801
19216801
19216801
19216801
19216801
19216801
10254541
19216801
10254541
19216801
10254541
19216801
16925434243
16925434243
16925434243
17173254222
17173254223
17173254222
17173254223
17173254222
17173254223
17173254222
17173254223
17173254222
17173254223
1921680202
17173254222
17173254223
1921680202
1921680202
169254255255
19216801
19216801
19216801
169254255255
169254255255
169254255255
1921680202
169254255255
1692541335
192168014
1921680202
1921680129
1921680129
10254541
19216801
19216801
169254255255
19216801
192168077
169254255255
169254255255
169254255255
169254255255
19216801
192168077
192168077
192168077
192168077
192168077
192168077
169254815
19216801
169254255255
19216801
169254815
169254255255
169254815
169254255255
192168021
169254255255
169254255255
169254255255
169254255255
169254255255
19216801
19216801
1921680104
1921680104
1921680104
192168077
19216807
192168011
19216801
192168012
192168013
192168022
19216801
192168019
192168020
1921680104
192168021
192168038
192168070
1921680104
19216801
192168077
192168092
192168093
192168010
192168095
192168012
192168013
192168096
192168097
192168099
1921680100
1921680101
192168019
192168025
1921680104
1921680105
1921680106
1921680107
192168013
1921680116
1921680148
192168010
1921680202
1921680208
1921680214
192168023
192168013
1921680183
1921680101
1921680241
1921680105
19216802
192168032
192168026
192168019
192168026
1921680109
19216801
1921680109
1921680109
1921680109
1921680109
19216801
169254255255
19216801
169254255255
169254255255
169254255255
169254255255
1921680241
192168010
192168013
19216802
192168032
1921680241
192168013
192168070
192168070
19216801
192168018
192168016
192168019
1921680214
19216809
19216809
19216809
192168018
19216809
19216809
169254255255
169254255255
1921680111
19216802
19216801
192168019
1921680108
192168010
192168013
1921680101
1921680105
19216801
19216801
19216801
10254541
19216801
19216801
19216801
1921680202
1921680202
19216801
19216801
19216801
