192168132
19216815
19216815
192168132
19216815
19216816
192168115
192168115
19216811
192168132
192168117
192168113
19216811
19216811
192168132
192168146
192168132
192168115
19216811
192168115
192168132
192168122
19216811
192168122
19216811
19216811
19216811
192168132
192168124
192168142
19216815
19216811
19216811
192168132
19216815
192168132
19216811
19216811
19216816
192168115
19216811
19216811
192168129
192168132
192168129
192168129
19216811
192168132
19216811
19216811
19216811
192168115
19216811
192168122
19216811
19216811
19216811
19216811
192168113
192168164
192168164
192168164
192168164
192168164
19216811
19216817
192168164
19216811
19216811
19216815
19216815
19216811
19216811
192168128
19216811
192168164
192168164
192168164
192168164
192168164
19216811
19216811
192168164
19216816
192168115
19216815
19216816
19216816
19216817
192168115
19216818
192168115
192168164
192168113
19216811
19216811
19216811
19216815
19216811
192168115
19216815
19216811
19216811
19216811
19216811
19216811
192168115
19216816
192168115
192168115
19216811
192168122
19216811
192168122
19216811
19216811
19216811
19216811
19216811
192168124
192168117
192168113
19216815
19216811
192168113
192168113
19216811
19216811
19216811
192168132
19216816
192168115
192168132
192168132
192168132
19216811
19216811
19216811
19216811
192168113
192168132
19216811
19216815
19216811
19216815
19216811
19216811
19216811
192168113
19216811
192168128
192168123
192168115
192168141
192168123
19216811
192168123
192168123
19216811
192168122
192168122
19216811
19216811
19216811
19216811
19216811
19216816
192168115
192168115
19216811
19216811
192168113
19216811
192168115
192168113
192168115
192168115
19216815
192168115
192168113
19216811
192168124
19216811
19216811
19216811
192168115
192168129
19216811
192168128
192168129
192168129
192168113
192168142
19216815
192168129
19216811
19216811
19216811
19216811
19216811
192168113
19216811
19216811
192168132
192168132
192168132
19216811
19216811
19216816
192168115
19216815
19216816
19216816
192168132
19216816
19216811
192168128
192168128
19216811
19216815
19216815
19216815
19216811
19216811
19216811
192168149
192168149
19216811
192168115
19216811
19216815
192168130
192168131
192168144
192168148
19216811
192168113
192168154
192168155
192168156
19216811
19216811
19216811
19216811
19216811
192168149
19216811
19216811
192168115
192168115
192168115
192168142
19216815
19216811
19216811
192168124
19216811
192168113
19216815
19216811
19216811
19216811
19216811
19216811
19216811
19216811
192168113
192168128
192168128
19216811
19216811
19216811
19216816
192168115
19216811
19216811
19216811
19216811
19216815
19216815
19216811
192168129
19216811
192168132
192168132
192168132
192168132
192168132
192168132
192168113
192168115
192168132
19216811
19216811
19216815
192168115
19216816
192168115
19216811
19216811
19216817
19216811
19216811
19216811
19216811
19216811
19216811
192168122
192168122
19216811
19216811
19216811
192168115
192168115
19216811
19216811
19216811
19216811
192168115
192168124
19216811
19216815
19216811
19216811
19216818
19216815
19216816
192168115
192168146
19216815
192168122
19216811
192168113
19216811
19216811
192168149
19216811
19216811
192168113
19216811
192168128
192168122
19216811
19216811
19216811
19216811
19216815
19216811
19216811
192168122
19216811
192168122
19216811
19216811
19216811
19216811
19216811
19216816
192168115
19216815
19216816
19216816
19216816
192168121
19216811
192168115
19216811
19216811
192168113
192168132
192168132
192168132
192168132
192168132
192168132
19216811
192168115
19216815
19216811
192168113
192168132
19216811
